1
Algebra
1 1 1 1
-
-
2
ES_04
1 1 1 1
1
1
3
CTA1_10
1 1 1 1
1
1
4
ES_07
1 1 1 1
1
1
5
CTA1_01
1 1 1 1
1
1
6
CTA1_12
1 1 1 1
1
1
7
ES_05
1 1 1 1
1
1
8
CTA1_14
1 1 1 1
1
1
9
GRAPHING
1 1 1 1
1
1
10
CTA1_15
1 1 1 1
1
1
11
ALG1
1 1 1 1
1
1
12
FACTORING_ES
1 1 1 1
1
1
13
SOLVING_ES
1 1 1 1
1
1
14
MOTION
1 1 1 1
1
1
15
A_ES
1 1 1 1
1
1
16
A_ES
1 1 1 1
1
1
17
CTA1_20
1 1 1 1
1
1
18
CTA1_21
1 1 1 1
1
1
19
CTA1_22
1 1 1 1
1
1
20
CTA1_01
1 1 1 1
1
1
21
CTA1_02
1 1 1 1
1
1
22
ES_01
1 1 1 1
1
1
23
CTA1_04
1 1 1 1
1
1
24
ES_02
1 1 1 1
1
1
25
CTA1_13
1 1 1 1
1
1
26
CTA1_06
1 1 1 1
1
1
27
ES_03
1 1 1 1
1
1
28
CTA1_08
1 1 1 1
1
1
29
ES_04
1 1 1 1
1
1
30
CTA1_10
1 1 1 1
1
1
31
ES_07
1 1 1 1
1
1
32
CTA1_12
1 1 1 1
1
1
33
CTA1_06
1 1 1 1
1
1
34
ES_03
1 1 1 1
1
1
35
ES_04
1 1 1 1
1
1
36
ES_07
1 1 1 1
1
1
37
CTA1_01
1 1 1 1
1
1
38
A_ES
1 1 1 1
1
1
39
ES_06
1 1 1 1
1
1
40
CTA1_24
1 1 1 1
1
1
41
CTA1_25
1 1 1 1
1
1
42
CTA1_26
1 1 1 1
1
1
43
CTA1_27
1 1 1 1
1
1
44
ES_02
1 1 1 1
1
1
45
ES_04
1 1 1 1
1
1
46
CTA1_10
1 1 1 1
1
1
47
CTA1_08
1 1 1 1
1
1
48
CTA1_12
1 1 1 1
1
1
49
CTA1_21
1 1 1 1
1
1
50
ES_05
1 1 1 1
1
1
51
FACTORING_ES
1 1 1 1
1
1
52
A_ES
1 1 1 1
1
1
53
CTA1_10
1 1 1 1
1
1
54
ES_05
1 1 1 1
1
1
55
ES_02
1 1 1 1
1
1
56
ES_03
1 1 1 1
1
1
57
ES_03
1 1 1 1
1
1
58
CTA1_12
1 1 1 1
1
1
59
ES_05
1 1 1 1
1
1
60
ES_05
1 1 1 1
1
1
61
ES_04
1 1 1 1
1
1
62
CTA1_10
1 1 1 1
1
1
63
ES_07
1 1 1 1
1
1
64
CTA1_12
1 1 1 1
1
1
65
ES_05
1 1 1 1
1
1
66
CTA1_20
1 1 1 1
1
1
67
CTA1_02
1 1 1 1
1
1
68
ES_02
1 1 1 1
1
1
69
CTA1_06
1 1 1 1
1
1
70
ES_07
1 1 1 1
1
1
71
CTA1_01
1 1 1 1
1
1
72
ES_01
1 1 1 1
1
1
73
ES_02
1 1 1 1
1
1
74
ES_04
1 1 1 1
1
1
75
ES_05
1 1 1 1
1
1
76
CTA1_02
1 1 1 1
1
1
77
CTA1_04
1 1 1 1
1
1
78
CTA1_14
1 1 1 1
1
1
79
ES_05
1 1 1 1
1
1
80
ES_01
1 1 1 1
1
1
81
CTA1_10
1 1 1 1
1
1
82
ES_04
1 1 1 1
1
1
83
ES_01
1 1 1 1
1
1
84
ES_01
1 1 1 1
1
1
85
CTA1_04
1 1 1 1
1
1
86
ES_01
1 1 1 1
1
1
87
CTA1_04
1 1 1 1
1
1
88
CTA1_14
1 1 1 1
1
1
89
CTA1_06
1 1 1 1
1
1
90
ES_03
1 1 1 1
1
1
91
ES_01
1 1 1 1
1
1
92
CTA1_02
1 1 1 1
1
1
93
CTA1_15
1 1 1 1
1
1
94
CTA1_12
1 1 1 1
1
1
95
ES_02
1 1 1 1
1
1
96
ES_01
1 1 1 1
1
1
97
CTA1_06
1 1 1 1
1
1
98
ES_02
1 1 1 1
1
1
99
ES_05
1 1 1 1
1
1
100
ES_01
1 1 1 1
1
1
101
ES_03
1 1 1 1
1
1
102
CTA1_15
1 1 1 1
1
1
103
ES_05
1 1 1 1
1
1
104
ES_02
1 1 1 1
1
1
105
GRAPHING
1 1 1 1
1
1
106
ES_05
1 1 1 1
1
1
107
CTA1_14
1 1 1 1
1
1
108
ES_02
1 1 1 1
1
1
109
A_ES
1 1 1 1
1
1
110
A_ES
1 1 1 1
1
1
111
ES_01
1 1 1 1
1
1
112
ES_04
1 1 1 1
1
1
113
ES_04
1 1 1 1
1
1
114
ES_04
1 1 1 1
1
1
115
ES_04
1 1 1 1
1
1
116
ES_03
1 1 1 1
1
1
117
ES_07
1 1 1 1
1
1
118
ES_04
1 1 1 1
1
1
119
CTA1_08
1 1 1 1
1
1
120
ES_02
1 1 1 1
1
1
121
ES_04
1 1 1 1
1
1
122
ES_04
1 1 1 1
1
1
123
ES_04
1 1 1 1
1
1
124
ES_04
1 1 1 1
1
1
125
ES_03
1 1 1 1
1
1
126
ES_01
1 1 1 1
1
1
127
15
1 1 1 1
124
1
128
5
1 1 1 1
81
1
129
2
1 1 1 1
117
1
130
2
1 1 1 1
71
1
131
4
1 1 1 1
94
1
132
8
1 1 1 1
106
1
133
4
1 1 1 1
107
1
134
2
1 1 1 1
105
1
135
3
1 1 1 1
102
1
136
1
1 1 1 1
11
1
137
2
1 1 1 1
51
1
138
1
1 1 1 1
13
1
139
1
1 1 1 1
14
1
140
3
1 1 1 1
110
1
141
3
1 1 1 1
110
1
142
2
1 1 1 1
66
1
143
3
1 1 1 1
49
1
144
1
1 1 1 1
19
1
145
3
1 1 1 1
71
1
146
2
1 1 1 1
92
1
147
9
1 1 1 1
126
1
148
4
1 1 1 1
87
1
149
6
1 1 1 1
120
1
150
1
1 1 1 1
25
1
151
5
1 1 1 1
97
1
152
8
1 1 1 1
125
1
153
3
1 1 1 1
119
1
154
13
1 1 1 1
124
1
155
3
1 1 1 1
81
1
156
6
1 1 1 1
117
1
157
1
1 1 1 1
94
1
158
3
1 1 1 1
97
1
159
6
1 1 1 1
125
1
160
12
1 1 1 1
124
1
161
4
1 1 1 1
117
1
162
1
1 1 1 1
71
1
163
2
1 1 1 1
110
1
164
1
1 1 1 1
39
1
165
1
1 1 1 1
40
1
166
1
1 1 1 1
41
1
167
1
1 1 1 1
42
1
168
1
1 1 1 1
43
1
169
8
1 1 1 1
120
1
170
14
1 1 1 1
124
1
171
2
1 1 1 1
81
1
172
2
1 1 1 1
119
1
173
2
1 1 1 1
94
1
174
2
1 1 1 1
49
1
175
4
1 1 1 1
106
1
176
1
1 1 1 1
51
1
177
2
1 1 1 1
110
1
178
4
1 1 1 1
81
1
179
11
1 1 1 1
106
1
180
10
1 1 1 1
120
1
181
4
1 1 1 1
125
1
182
7
1 1 1 1
125
1
183
5
1 1 1 1
94
1
184
2
1 1 1 1
106
1
185
12
1 1 1 1
106
1
186
16
1 1 1 1
124
1
187
6
1 1 1 1
81
1
188
5
1 1 1 1
117
1
189
6
1 1 1 1
94
1
190
9
1 1 1 1
106
1
191
1
1 1 1 1
66
1
192
4
1 1 1 1
92
1
193
7
1 1 1 1
120
1
194
4
1 1 1 1
97
1
195
3
1 1 1 1
117
1
196
4
1 1 1 1
71
1
197
7
1 1 1 1
126
1
198
9
1 1 1 1
120
1
199
10
1 1 1 1
124
1
200
10
1 1 1 1
106
1
201
3
1 1 1 1
92
1
202
3
1 1 1 1
87
1
203
3
1 1 1 1
107
1
204
6
1 1 1 1
106
1
205
10
1 1 1 1
126
1
206
1
1 1 1 1
81
1
207
11
1 1 1 1
124
1
208
8
1 1 1 1
126
1
209
11
1 1 1 1
126
1
210
1
1 1 1 1
87
1
211
6
1 1 1 1
126
1
212
2
1 1 1 1
87
1
213
2
1 1 1 1
107
1
214
2
1 1 1 1
97
1
215
5
1 1 1 1
125
1
216
5
1 1 1 1
126
1
217
1
1 1 1 1
92
1
218
2
1 1 1 1
102
1
219
3
1 1 1 1
94
1
220
5
1 1 1 1
120
1
221
2
1 1 1 1
126
1
222
1
1 1 1 1
97
1
223
4
1 1 1 1
120
1
224
7
1 1 1 1
106
1
225
1
1 1 1 1
126
1
226
2
1 1 1 1
125
1
227
1
1 1 1 1
102
1
228
1
1 1 1 1
106
1
229
1
1 1 1 1
120
1
230
1
1 1 1 1
105
1
231
5
1 1 1 1
106
1
232
1
1 1 1 1
107
1
233
2
1 1 1 1
120
1
234
1
1 1 1 1
110
1
235
1
1 1 1 1
110
1
236
3
1 1 1 1
126
1
237
1
1 1 1 1
124
1
238
2
1 1 1 1
124
1
239
8
1 1 1 1
124
1
240
9
1 1 1 1
124
1
241
1
1 1 1 1
125
1
242
1
1 1 1 1
117
1
243
3
1 1 1 1
124
1
244
1
1 1 1 1
119
1
245
3
1 1 1 1
120
1
246
6
1 1 1 1
124
1
247
7
1 1 1 1
124
1
248
4
1 1 1 1
124
1
249
5
1 1 1 1
124
1
250
3
1 1 1 1
125
1
251
4
1 1 1 1
126
1
